0	572	157	252	403	534	461	113	158	564	110	90	651	479	502	212	542	357	337	284	808	137	299	536	431	662	778	268	290	244	442	495	620	673	647	633	760	810	835	732	451	183	161	224
572	0	517	465	170	332	183	459	529	93	596	562	85	104	102	492	42	450	504	500	282	599	380	178	239	178	249	322	373	329	368	265	322	436	283	168	191	457	440	361	132	394	584	542
157	517	0	99	363	574	369	151	284	535	92	234	585	442	429	321	496	445	443	127	714	288	359	532	443	643	750	281	166	208	500	375	647	722	528	537	692	839	854	751	385	205	307	351
252	465	99	0	331	581	299	212	357	500	189	319	525	407	369	382	452	487	497	49	635	375	392	513	440	610	709	294	92	205	521	287	644	731	438	460	627	832	840	740	333	239	389	420
403	170	363	331	0	290	151	289	363	172	435	392	252	79	127	332	139	322	368	374	432	431	233	185	148	281	387	155	245	162	277	248	330	432	349	275	361	509	511	414	78	223	418	383
534	332	574	581	290	0	434	441	408	242	614	474	399	263	378	348	293	220	276	629	598	481	236	153	146	246	352	293	511	376	102	533	93	149	604	498	471	276	307	207	352	372	452	377
461	183	369	299	151	434	0	357	468	249	457	478	227	176	80	452	187	467	509	327	348	527	372	304	297	354	431	274	208	228	428	99	458	567	207	171	328	621	611	523	81	311	521	503
113	459	151	212	289	441	357	0	146	452	172	125	539	366	392	172	428	294	292	257	700	179	214	427	325	551	666	159	213	133	358	402	522	586	552	527	648	714	735	631	340	73	184	208
158	529	284	357	363	408	468	146	0	496	266	73	614	426	484	61	491	208	180	401	794	75	178	446	335	578	698	207	356	242	308	530	499	536	673	629	720	683	715	614	430	159	55	67
564	93	535	500	172	242	249	452	496	0	605	539	158	93	173	451	64	385	443	540	359	570	331	88	173	110	216	299	410	331	291	343	228	343	376	261	243	372	361	275	177	381	550	498
110	596	92	189	435	614	457	172	266	605	0	200	668	515	513	316	572	456	442	206	804	246	385	592	495	710	821	328	258	273	529	468	694	758	621	627	776	886	906	803	466	243	272	333
90	562	234	319	392	474	478	125	73	539	200	0	645	462	505	132	527	280	253	358	816	56	239	498	388	629	747	241	337	250	377	527	564	606	676	645	753	750	780	678	452	170	73	136
651	85	585	525	252	399	227	539	614	158	668	645	0	189	156	578	126	533	589	554	201	683	465	246	321	199	226	406	432	407	447	287	374	487	257	134	109	481	453	390	202	475	669	627
479	104	442	407	79	263	176	366	426	93	515	462	189	0	115	388	65	350	403	447	383	498	276	127	144	203	307	221	318	241	279	275	281	391	343	246	294	448	445	351	96	297	481	438
502	102	429	369	127	378	80	392	484	173	513	505	156	115	0	457	108	447	495	401	310	549	361	237	254	274	351	278	276	259	389	170	391	503	229	147	263	545	533	448	53	335	539	509
212	492	321	382	332	348	452	172	61	451	316	132	578	388	457	0	453	147	126	429	765	132	124	395	285	528	648	179	367	236	248	522	440	475	659	604	682	623	655	555	404	157	105	51
542	42	496	452	139	293	187	428	491	64	572	527	126	65	108	453	0	407	462	489	325	563	339	141	196	167	256	286	360	301	326	278	290	404	315	205	229	437	425	340	121	361	547	502
357	450	445	487	322	220	467	294	208	385	456	280	533	350	447	147	407	0	59	536	732	273	101	310	213	437	553	211	448	300	118	555	313	331	671	592	628	485	523	426	400	248	242	162
337	504	443	497	368	276	509	292	180	443	442	253	589	403	495	126	462	59	0	545	786	235	136	369	269	496	613	242	467	323	175	593	369	378	715	641	685	535	576	481	446	259	203	122
284	500	127	49	374	629	327	257	401	540	206	358	554	447	401	429	489	536	545	0	652	413	441	557	488	651	746	343	129	254	570	300	691	779	445	480	654	878	885	785	369	288	429	465
808	282	714	635	432	598	348	700	794	359	804	816	201	383	310	765	325	732	786	652	0	860	659	447	521	375	345	587	549	568	648	351	564	673	228	176	143	637	597	557	364	645	849	816
137	599	288	375	431	481	527	179	75	570	246	56	683	498	549	132	563	273	235	413	860	0	253	521	410	654	773	277	392	298	380	580	572	604	727	691	791	754	788	687	495	216	32	113
299	380	359	392	233	236	372	214	178	331	385	239	465	276	361	124	339	101	136	441	659	253	0	271	161	404	523	109	347	198	144	457	324	375	578	508	567	512	540	438	311	155	228	167
536	178	532	513	185	153	304	427	446	88	592	498	246	127	237	395	141	310	369	557	447	521	271	0	110	132	252	267	429	323	207	403	154	265	456	346	326	324	327	229	224	354	498	438
431	239	443	440	148	146	297	325	335	173	495	388	321	144	254	285	196	213	269	488	521	410	161	110	0	243	363	166	367	238	135	395	204	293	484	390	415	395	411	308	218	252	388	328
662	178	643	610	281	246	354	551	578	110	710	629	199	203	274	528	167	437	496	651	375	654	404	132	243	0	119	394	521	437	326	442	191	297	451	328	237	283	262	190	287	479	631	570
778	249	750	709	387	352	431	666	698	216	821	747	226	307	351	648	256	553	613	746	345	773	523	252	363	119	0	510	617	548	440	507	279	366	479	358	204	295	252	227	377	594	751	690
268	322	281	294	155	293	274	159	207	299	328	241	406	221	278	179	286	211	242	343	587	277	109	267	166	394	510	0	240	91	226	352	367	442	481	425	514	560	578	474	225	86	263	231
290	373	166	92	245	511	208	213	356	410	258	337	432	318	276	367	360	448	467	129	549	392	347	429	367	521	617	240	0	148	462	210	567	660	363	373	535	752	757	658	240	210	398	412
244	329	208	205	162	376	228	133	242	331	273	250	407	241	259	236	301	300	323	254	568	298	198	323	238	437	548	91	148	0	317	287	443	526	430	395	516	634	646	544	207	83	293	286
442	368	500	521	277	102	428	358	308	291	529	377	447	279	389	248	326	118	175	570	648	380	144	207	135	326	440	226	462	317	0	524	195	230	619	525	533	374	408	310	351	295	350	275
495	265	375	287	248	533	99	402	530	343	468	527	287	275	170	522	278	555	593	300	351	580	457	403	395	442	507	352	210	287	524	0	557	667	153	185	371	715	703	618	181	371	579	573
620	322	647	644	330	93	458	522	499	228	694	564	374	281	391	440	290	313	369	691	564	572	324	154	204	191	279	367	567	443	195	557	0	114	605	490	427	192	216	114	377	451	544	470
673	436	722	731	432	149	567	586	536	343	758	606	487	391	503	475	404	331	378	779	673	604	375	265	293	297	366	442	660	526	230	667	114	0	719	604	534	162	212	147	486	519	573	494
647	283	528	438	349	604	207	552	673	376	621	676	257	343	229	659	315	671	715	445	228	727	578	456	484	451	479	481	363	430	619	153	605	719	0	123	299	734	710	640	270	514	724	710
633	168	537	460	275	498	171	527	629	261	627	645	134	246	147	604	205	592	641	480	176	691	508	346	390	328	358	425	373	395	525	185	490	604	123	0	191	612	586	519	199	475	683	656
760	191	692	627	361	471	328	648	720	243	776	753	109	294	263	682	229	628	685	654	143	791	567	326	415	237	204	514	535	516	533	371	427	534	299	191	0	494	455	414	311	584	776	731
810	457	839	832	509	276	621	714	683	372	886	750	481	448	545	623	437	485	535	878	637	754	512	324	395	283	295	560	752	634	374	715	192	162	734	612	494	0	60	97	544	643	724	647
835	440	854	840	511	307	611	735	715	361	906	780	453	445	533	655	425	523	576	885	597	788	540	327	411	262	252	578	757	646	408	703	216	212	710	586	455	60	0	103	538	663	759	683
732	361	751	740	414	207	523	631	614	275	803	678	390	351	448	555	340	426	481	785	557	687	438	229	308	190	227	474	658	544	310	618	114	147	640	519	414	97	103	0	446	559	659	585
451	132	385	333	78	352	81	340	430	177	466	452	202	96	53	404	121	400	446	369	364	495	311	224	218	287	377	225	240	207	351	181	377	486	270	199	311	544	538	446	0	281	485	456
183	394	205	239	223	372	311	73	159	381	243	170	475	297	335	157	361	248	259	288	645	216	155	354	252	479	594	86	210	83	295	371	451	519	514	475	584	643	663	559	281	0	210	205
161	584	307	389	418	452	521	184	55	550	272	73	669	481	539	105	547	242	203	429	849	32	228	498	388	631	751	263	398	293	350	579	544	573	724	683	776	724	759	659	485	210	0	81
224	542	351	420	383	377	503	208	67	498	333	136	627	438	509	51	502	162	122	465	816	113	167	438	328	570	690	231	412	286	275	573	470	494	710	656	731	647	683	585	456	205	81	0
